-0.068987824 -0.25033242 0.057808593 -0.17088 0.08550616 0.054299172 -0.072478235 0.26274666 0.08159787 0.21618271 
-0.11145098 -0.4677753 0.08283317 -0.14165498 0.24347304 -0.10289054 0.12666881 0.23663785 0.12660176 0.099313326 
-0.08022891 -0.26736727 0.031608187 -0.012243118 0.07751219 -0.052429214 0.07876807 0.24844632 0.06691932 0.018469777 
-0.08213979 -0.41383794 0.05772934 -0.021550424 0.11994983 -0.042384118 0.21804342 0.18438295 0.16522443 0.017422883 
-0.08315073 -0.44600362 -0.06811228 -0.018205035 0.11538149 -0.09237684 0.14803562 0.31312734 0.16984853 0.078836426 
-0.09977374 -0.3651768 -0.042229984 -0.049691215 0.021507742 -0.091721095 0.069701925 0.3520388 0.1693236 0.11464127 
-0.1424312 -0.2968981 0.035771914 -0.05401004 -0.028177505 -0.09717102 0.13630033 0.2602165 0.14388314 0.07344126 
-0.09633271 -0.33940193 -0.022311646 -0.09329983 0.22398905 0.00272871 0.1679477 0.27404323 0.11428089 0.031394605 
-0.051022984 -0.2103836 0.064528614 -0.03664166 0.0075066704 -0.015785517 0.034583602 0.14782017 0.09812942 0.06812387 
-0.06717029 -0.29194802 0.014834983 -0.041539777 0.0979224 -0.106727496 -0.023997227 0.107828744 0.16786954 0.106632255 
-0.13723491 -0.34435067 0.07743701 0.06398205 0.11135309 -0.112153955 0.19574352 0.21189426 0.13008834 0.013876245 
-0.0740544 -0.23820217 0.050653584 -0.024444532 0.054304283 -0.06576698 0.14428931 0.26411265 0.0989179 0.049121372 
-0.17374901 -0.56822747 -0.017121209 0.006649273 0.06427057 -0.14337316 0.24789257 0.20142421 0.26022464 -0.021015609 
-0.05829397 -0.36028305 0.07263837 0.043739468 0.10539957 -0.037944015 0.15272228 0.34734115 0.0168316 0.14370358 
-0.088551834 -0.49319363 0.042809773 0.001202843 0.15311022 -0.15332569 0.07337961 0.29801542 0.21148708 0.15308207 
-0.14736539 -0.21675502 -0.0057286797 -0.106891066 -0.029260583 -0.13913521 0.18039462 0.20326541 0.117245756 0.0055288915 
-0.106719516 -0.19773743 0.031864367 -0.12039332 0.01773803 0.013284716 0.02685549 0.13900657 0.080921434 0.020407487 
-0.045718785 -0.42260325 0.05023748 0.054803167 0.20155066 -0.08894149 0.13032962 0.2577484 0.018518513 0.023069568 
0.0136642745 -0.26492387 0.039924737 0.08619434 0.05600065 -0.083195 0.104703836 0.2528989 0.08172102 0.19011585 
-0.24391143 -0.35651663 -0.095997885 -0.11535706 0.03445681 -0.0012180106 0.1635614 0.36035052 0.18022434 0.048664 
-0.036324088 -0.23754542 -0.073384345 0.14927003 -0.03376324 -0.04074501 0.16830933 0.34186158 0.109930165 0.061726604 
-0.060818773 -0.20036823 0.099522285 0.071111344 -0.0048432425 -0.040188298 0.10389259 0.25159186 0.043393914 0.122657605 
-0.034987725 -0.36786684 -0.030362034 -0.05348839 0.16457169 -0.1529635 0.07800147 0.115304574 0.17523427 0.0401839 
-0.04582354 -0.14605281 0.07700317 -0.028500302 0.12672588 0.07469248 0.12530759 0.3184573 0.05664842 -0.010072363 
-0.091469154 -0.27914754 0.022180239 -0.117748216 0.046413843 -0.021525279 -0.044072054 0.23193365 0.14200099 0.16356383 
-0.012549451 -0.3443194 -0.0071481764 0.1609384 0.04386308 -0.1436541 0.16023797 0.26710206 0.12550463 0.20783995 
-0.16522627 -0.43465224 0.0038979517 -0.078429446 0.14468032 -0.052328944 0.10213789 0.3176058 0.19872801 0.069408156 
-0.08251418 -0.2527038 0.03242906 0.024683941 0.18011208 -0.052793 0.027787887 0.33747393 0.07428909 0.15531154 
-0.06760118 -0.34414202 0.018467423 -0.025148809 0.1386878 -0.02829484 0.054987416 0.27986544 0.045982156 0.0775787 
-0.0561548 -0.28045404 0.015849613 -0.024896557 -0.09346688 -0.08517981 0.009419053 0.13881701 0.07275926 0.06837618 
-0.19675247 -0.3710539 -0.039807413 -0.08546236 -0.0044041723 -0.026776403 0.14734192 0.14104876 0.10934795 -0.015519419 
-0.16150585 -0.32735226 0.07755947 -0.05292344 0.13834585 -0.0382325 0.22292463 0.19756739 0.04613529 -0.070126005 
-0.039153326 -0.18907648 0.002792698 -0.02332292 0.07363765 -0.12161012 0.0030320045 0.16739382 0.08923046 0.10578377 
-0.04815259 -0.29025716 -0.010832598 0.089585654 0.109710366 0.026533505 0.08471621 0.27729914 0.031127796 0.11353416 
-0.08938537 -0.4288994 0.024406968 -0.0072211446 0.015676687 -0.11025983 0.16275398 0.3547548 0.12559989 0.1493531 
-0.1752626 -0.4468083 0.008374617 -0.1978556 0.21701112 -0.08909411 0.081505455 0.32452384 0.22510575 0.11465856 
-0.043385003 -0.1588407 0.040469054 0.023603205 0.15590979 -0.08681489 0.11398483 0.33566064 0.049170334 0.19210082 
-0.08695881 -0.43569767 -0.17138787 -0.01828026 0.005088197 -0.14561544 0.11079622 0.24121329 0.23766264 0.058550835 
-0.17376004 -0.30496117 0.0519999 -0.12327613 -0.08864693 0.06726939 0.039043274 0.24611339 0.13056327 0.022572156 
-0.044362508 -0.382669 0.013625975 0.056260526 0.021555701 -0.09928502 0.06853449 0.2124608 0.043477118 0.16373256 
-0.07788838 -0.3584104 -0.052611124 -0.031644836 0.03612916 -0.12017964 0.08558884 0.16463017 0.175263 0.077165805 
-0.010782619 -0.33220607 0.027076354 -0.0764108 0.20007749 -0.0055565718 0.123015314 0.06512754 0.06579481 -0.08697457 
-0.1811621 -0.41275457 -0.019799527 -0.06104277 0.15560849 -0.1590032 0.263164 0.34419698 0.1820859 0.0056143505 
-0.06458834 -0.41178662 -0.0024548129 -0.1324902 0.23138705 -0.051490676 0.06955737 0.23902209 0.14645372 0.05072044 
-0.1922405 -0.3212108 0.015864668 -0.079389304 0.10634529 0.03345329 0.21448514 0.2769234 0.09139632 -0.021118797 
0.0025928419 -0.42375973 0.009071317 -0.019066144 0.03606833 -0.13661115 0.15355091 0.11118414 0.14850023 0.038411565 
-0.060100753 -0.34265947 0.028146934 -0.08326208 0.081626885 0.0028961087 0.12806769 0.10291826 0.104355976 -0.07897583 
-0.13702159 -0.24084654 0.047624763 -0.045551144 0.14391111 -0.054376945 0.16007519 0.19359979 0.03359296 -0.039173376 
-0.13297978 -0.29818916 0.15768492 -0.0031864045 -0.029822052 -0.042397257 -0.08059843 0.19759285 0.12616959 0.124798305 
-0.13207248 -0.336806 0.002162616 -0.09687804 0.10633065 -0.014686155 0.14020048 0.35476437 0.0380448 0.10469088 
-0.030080851 -0.31262425 -0.072629504 0.07376904 0.13349591 -0.1029069 0.21310636 0.47617814 0.099862926 0.08293113 
-0.10058315 -0.31997466 -0.06411898 -0.0030468088 0.20431824 -0.057680823 0.08848585 0.24983242 0.1958196 0.004692625 
-0.08409787 -0.49253836 -0.11769704 0.007900399 0.12938927 -0.08977489 0.1145882 0.28739446 0.19054148 0.03239899 
-0.15070876 -0.37829426 -0.023349334 -0.106861204 -0.012789633 -0.041704766 0.042476613 0.28260705 0.2518625 0.04003294 
-0.025125679 -0.14861488 -0.01901821 -0.05898616 -0.004965742 0.03465175 0.17694235 -0.013250077 -0.050793834 -0.03917201 
-0.13054918 -0.41655928 0.031000054 0.108746156 0.14018317 -0.19758476 0.2701169 0.3287084 0.10553328 0.039527263 
-0.0035378686 -0.20076461 0.07436623 0.048744816 -0.038089186 -0.070794806 -0.03204719 0.058658753 0.0896178 0.05644733 
-0.17669645 -0.43633777 -0.063282594 -0.059632607 0.21687916 -0.07763826 0.0864697 0.27634463 0.23564483 0.03648254 
-0.038511723 -0.2113501 -0.011505665 -0.04668055 0.034845624 -0.07005293 0.1383238 0.113519415 0.06715641 0.094911166 
-0.16371441 -0.30344817 0.03204775 -0.07837543 0.12523259 0.0044288705 0.015580372 0.34929967 0.15703359 0.13628553 
-0.13128278 -0.37606415 -0.036030676 0.008711913 -0.066741265 -0.032823347 0.121151604 0.38640442 0.12806828 0.054091215 
-0.106915735 -0.41282055 0.0076691075 0.0055372263 0.08757202 -0.19491404 0.16163035 0.30326906 0.11602518 0.1346406 
-0.2208916 -0.30234295 -0.027915401 -0.19771649 -0.036174264 -0.008885512 0.06989444 0.24555221 0.14660433 0.012233989 
